# NodeId	NodeId
0	1
0	300
0	301
0	302
0	303
0	304
0	305
0	306
0	307
0	308
0	309
0	310
0	311
0	312
0	313
0	314
0	315
0	316
0	317
0	318
0	319
0	320
0	321
0	322
0	323
0	324
0	325
0	326
0	327
0	328
0	329
0	330
0	331
0	332
0	333
0	334
0	335
0	336
0	337
0	338
0	339
0	340
0	341
0	342
0	343
0	344
0	345
0	346
0	347
0	348
0	349
0	350
0	351
0	352
0	353
0	354
0	355
0	356
0	357
0	358
0	359
0	360
0	361
0	362
0	363
0	364
0	365
0	366
0	367
0	368
0	369
0	370
0	371
0	372
0	373
0	374
0	375
0	376
0	377
0	378
0	379
0	380
0	381
0	382
0	383
0	384
0	385
0	386
0	387
0	388
0	389
0	390
0	391
0	392
0	393
0	394
0	395
0	396
0	397
0	398
0	399
1	2
2	3
3	4
4	5
5	6
6	7
7	8
8	9
9	10
10	11
11	12
12	13
13	14
14	15
15	16
16	17
17	18
18	19
19	20
20	21
21	22
22	23
23	24
24	25
25	26
26	27
27	28
28	29
29	30
30	31
31	32
32	33
33	34
34	35
35	36
36	37
37	38
38	39
39	40
40	41
41	42
42	43
43	44
44	45
45	46
46	47
47	48
48	49
49	50
50	51
51	52
52	53
53	54
54	55
55	56
56	57
57	58
58	59
59	60
60	61
61	62
62	63
63	64
64	65
65	66
66	67
67	68
68	69
69	70
70	71
71	72
72	73
73	74
74	75
75	76
76	77
77	78
78	79
79	80
80	81
81	82
82	83
83	84
84	85
85	86
86	87
87	88
88	89
89	90
90	91
91	92
92	93
93	94
94	95
95	96
96	97
97	98
98	99
99	100
100	101
101	102
102	103
103	104
104	105
105	106
106	107
107	108
108	109
109	110
110	111
111	112
112	113
113	114
114	115
115	116
116	117
117	118
118	119
119	120
120	121
121	122
122	123
123	124
124	125
125	126
126	127
127	128
128	129
129	130
130	131
131	132
132	133
133	134
134	135
135	136
136	137
137	138
138	139
139	140
140	141
141	142
142	143
143	144
144	145
145	146
146	147
147	148
148	149
149	150
150	151
151	152
152	153
153	154
154	155
155	156
156	157
157	158
158	159
159	160
160	161
161	162
162	163
163	164
164	165
165	166
166	167
167	168
168	169
169	170
170	171
171	172
172	173
173	174
174	175
175	176
176	177
177	178
178	179
179	180
180	181
181	182
182	183
183	184
184	185
185	186
186	187
187	188
188	189
189	190
190	191
191	192
192	193
193	194
194	195
195	196
196	197
197	198
198	199
199	200
200	201
201	202
202	203
203	204
204	205
205	206
206	207
207	208
208	209
209	210
210	211
211	212
212	213
213	214
214	215
215	216
216	217
217	218
218	219
219	220
220	221
221	222
222	223
223	224
224	225
225	226
226	227
227	228
228	229
229	230
230	231
231	232
232	233
233	234
234	235
235	236
236	237
237	238
238	239
239	240
240	241
241	242
242	243
243	244
244	245
245	246
246	247
247	248
248	249
249	250
250	251
251	252
252	253
253	254
254	255
255	256
256	257
257	258
258	259
259	260
260	261
261	262
262	263
263	264
264	265
265	266
266	267
267	268
268	269
269	270
270	271
271	272
272	273
273	274
274	275
275	276
276	277
277	278
278	279
279	280
280	281
281	282
282	283
283	284
284	285
285	286
286	287
287	288
288	289
289	290
290	291
291	292
292	293
293	294
294	295
295	296
296	297
297	298
298	299
299	400
299	401
299	402
299	403
299	404
299	405
299	406
299	407
299	408
299	409
299	410
299	411
299	412
299	413
299	414
299	415
299	416
299	417
299	418
299	419
299	420
299	421
299	422
299	423
299	424
299	425
299	426
299	427
299	428
299	429
299	430
299	431
299	432
299	433
299	434
299	435
299	436
299	437
299	438
299	439
299	440
299	441
299	442
299	443
299	444
299	445
299	446
299	447
299	448
299	449
299	450
299	451
299	452
299	453
299	454
299	455
299	456
299	457
299	458
299	459
299	460
299	461
299	462
299	463
299	464
299	465
299	466
299	467
299	468
299	469
299	470
299	471
299	472
299	473
299	474
299	475
299	476
299	477
299	478
299	479
299	480
299	481
299	482
299	483
299	484
299	485
299	486
299	487
299	488
299	489
299	490
299	491
299	492
299	493
299	494
299	495
299	496
299	497
299	498
299	499
500	501
500	502
500	503
500	504
500	505
500	506
500	507
500	508
500	509
500	510
500	511
500	512
500	513
500	514
500	515
500	516
500	517
500	518
500	519
500	520
500	521
500	522
500	523
500	524
500	525
500	526
500	527
500	528
500	529
530	531
530	532
530	533
530	534
530	535
530	536
530	537
530	538
530	539
530	540
530	541
530	542
530	543
530	544
530	545
530	546
530	547
530	548
530	549
530	550
530	551
530	552
530	553
530	554
530	555
530	556
530	557
530	558
530	559
560	561
560	562
560	563
560	564
560	565
560	566
560	567
560	568
560	569
560	570
560	571
560	572
560	573
560	574
560	575
560	576
560	577
560	578
560	579
560	580
560	581
560	582
560	583
560	584
560	585
560	586
560	587
560	588
560	589
590	591
590	592
590	593
590	594
590	595
590	596
590	597
590	598
590	599
590	600
590	601
590	602
590	603
590	604
590	605
590	606
590	607
590	608
590	609
590	610
590	611
590	612
590	613
590	614
590	615
590	616
590	617
590	618
590	619
620	621
620	622
620	623
620	624
620	625
620	626
620	627
620	628
620	629
620	630
620	631
620	632
620	633
620	634
620	635
620	636
620	637
620	638
620	639
620	640
620	641
620	642
620	643
620	644
620	645
620	646
620	647
620	648
620	649
650	651
650	652
650	653
650	654
650	655
650	656
650	657
650	658
650	659
650	660
650	661
650	662
650	663
650	664
650	665
650	666
650	667
650	668
650	669
650	670
650	671
650	672
650	673
650	674
650	675
650	676
650	677
650	678
650	679
680	681
680	682
680	683
680	684
680	685
680	686
680	687
680	688
680	689
680	690
680	691
680	692
680	693
680	694
680	695
680	696
680	697
680	698
680	699
680	700
680	701
680	702
680	703
680	704
680	705
680	706
680	707
680	708
680	709
710	711
710	712
710	713
710	714
710	715
710	716
710	717
710	718
710	719
710	720
710	721
710	722
710	723
710	724
710	725
710	726
710	727
710	728
710	729
710	730
710	731
710	732
710	733
710	734
710	735
710	736
710	737
710	738
710	739
740	741
741	742
742	743
743	744
744	745
745	746
746	747
747	748
748	749
749	750
750	751
751	752
752	753
753	754
754	755
755	756
756	757
757	758
758	759
759	760
760	761
761	762
762	763
763	764
764	765
765	766
766	767
767	768
768	769
770	771
771	772
772	773
773	774
774	775
775	776
776	777
777	778
778	779
779	780
780	781
781	782
782	783
783	784
784	785
785	786
786	787
787	788
788	789
789	790
790	791
791	792
792	793
793	794
794	795
795	796
796	797
797	798
798	799
800	801
801	802
802	803
803	804
804	805
805	806
806	807
807	808
808	809
809	810
810	811
811	812
812	813
813	814
814	815
815	816
816	817
817	818
818	819
819	820
820	821
821	822
822	823
823	824
824	825
825	826
826	827
827	828
828	829
830	831
831	832
832	833
833	834
834	835
835	836
836	837
837	838
838	839
839	840
840	841
841	842
842	843
843	844
844	845
845	846
846	847
847	848
848	849
849	850
850	851
851	852
852	853
853	854
854	855
855	856
856	857
857	858
858	859
860	861
861	862
862	863
863	864
864	865
865	866
866	867
867	868
868	869
869	870
870	871
871	872
872	873
873	874
874	875
875	876
876	877
877	878
878	879
879	880
880	881
881	882
882	883
883	884
884	885
885	886
886	887
887	888
888	889
890	891
891	892
892	893
893	894
894	895
895	896
896	897
897	898
898	899
899	900
900	901
901	902
902	903
903	904
904	905
905	906
906	907
907	908
908	909
909	910
910	911
911	912
912	913
913	914
914	915
915	916
916	917
917	918
918	919
920	921
921	922
922	923
923	924
924	925
925	926
926	927
927	928
928	929
929	930
930	931
931	932
932	933
933	934
934	935
935	936
936	937
937	938
938	939
939	940
940	941
941	942
942	943
943	944
944	945
945	946
946	947
947	948
948	949
950	951
951	952
952	953
953	954
954	955
955	956
956	957
957	958
958	959
959	960
960	961
961	962
962	963
963	964
964	965
965	966
966	967
967	968
968	969
969	970
970	971
971	972
972	973
973	974
974	975
975	976
976	977
977	978
978	979
